-6.3762,53.2452,0.633, DSB
-7.51,55.07,0.798, IDGL
-9.37,53.42,0.504, IGLA
-6.2654,54.0552,0.564, ILTH
-6.775,52.37,0.597, IWEX
-10.2444,51.9396,2.82, VAL
-5.2273,50.1867,0.63, CCA1
-6.1106,55.0828,0.9, CLGH
-3.1875,55.9233,0.6, EDI
-1.96365,54.83121,1.02, EDMD
-3.2012,52.8879,0.93, FOEL
-4.7114,54.8664,0.72, GAL1
-4.4849,50.9943,0.66, HTL
-4.56618,54.26054,11.97, IOMK
-3.10343,54.58849,1.08, KESW
-5.39899,56.26006,0.69, LAWE
-6.869,58.1446,0.96, LEWI
-2.9983,51.9974,0.63, MCH1
-4.23,55.1573,0.66, NEWG
-4.4837,55.8115,0.6, PGB1
-4.7448,51.953,0.72, RSBS
-6.9658,62.0685,0.99, SOFL
-4.3966,53.2894,0.78, WLF1
-4.69,50.57,0.69, SBD
-3.19228,55.33386,0.6, EKB
-3.665,52.8492,0.63, LLW
-1.22,51.31,0.81, WOL
